10415.1
10225.7
10141.4
10119.7
10122.2
10258.1
10212.8
10228.9
10235
10205.6
10193.9
10224.5
10247.6
10255.2
10237.9
10239
10170.6
10092.5
10072.6
10069.1
10074.1
10070
10066.2
10061.9
10056.8
10060.8
10094.5
10073.9
10159.2
10424.6
10071.3
10089.5
10133.2
10074.8
10083.3
10075.8
10069.3
10077.7
10187.6
10305.8
10090.3
10079
10069.7
10088.7
10116.1
10113.6
10152
10224.7
10158.1
10138
17.685
10.852
11.178
10.857
10.687
11.132
11.184
11.257
11.242
11.923
11.414
11.787
11.523
11.99
11.555
11.226
11.831
11.344
11.482
11.581
11.348
11.747
11.385
11.341
11.726
11.127
11.514
11.379
11.294
11.688
11.099
11.452
11.566
11.034
11.739
11.328
11.419
11.523
11.082
12.112
11.614
12.893
12.498
11.387
13.434
11.886
12.706
11.597
11.654
12.269
